SINGLE   LYS   NZ   CE   CD   LG1   OOC   Phos   OH ### REMARK 2AD5_ADP.pdb_LYS18_ADP_Packing_score:-2.060649_Hbond_score:0.000000
RT -0.413855 0.270032 0.869371 0.501032 0.864904 -0.0301339 -0.76006 0.423111 -0.49324 3.14688 2.17307 3.08596  
SINGLE   ILE   CG1   CB   CG2   LG1   OOC   Phos   OH ### REMARK 2AD5_ADP.pdb_ILE20_ADP_Packing_score:-3.205513_Hbond_score:0.000000
RT -0.543916 0.201604 -0.814562 0.558762 0.811226 -0.172329 0.626052 -0.548878 -0.553888 0.593838 -4.48695 -2.20754  
SINGLE   VAL   CG1   CB   CG2   LG1   Nhis   aroC   Nhis ### REMARK 2AD5_ADP.pdb_VAL241_ADP_Packing_score:-1.196062_Hbond_score:0.000000
RT 0.908634 0.174939 -0.379185 -0.10928 0.975991 0.188412 0.403041 -0.12976 0.905936 -1.60968 2.94106 -3.84188  
SINGLE   ILE   CG1   CB   CG2   LG1   NH2O   aroC   Nhis ### REMARK 2AD5_ADP.pdb_ILE247_ADP_Packing_score:-1.303042_Hbond_score:0.000000
RT -0.615807 0.489207 0.617623 0.330926 -0.550799 0.76623 0.715031 0.676237 0.177294 5.67393 2.02414 -1.2144  
SINGLE   HIS   ND1   CE1   NE2   LG1   CH1   CH2   OH ### REMARK 2ADA_HPR.pdb_HIS17_HPR_Packing_score:-5.825686_Hbond_score:0.000000
RT -0.504813 0.119789 0.854877 -0.0730063 0.980852 -0.180552 -0.860136 -0.153557 -0.486401 3.0579 -2.79342 -1.29525  
SINGLE   ASP   OD1   CG   OD2   LG1   CH1   CH2   OH ### REMARK 2ADA_HPR.pdb_ASP19_HPR_Packing_score:-1.686725_Hbond_score:0.000000
RT -0.164744 0.367927 -0.915144 0.492695 -0.773077 -0.399505 -0.854465 -0.516703 -0.053916 1.57652 3.67999 0.714898  
SINGLE   PHE   CE1   CZ   CE2   LG1   OH   CH1   CH1 ### REMARK 2ADA_HPR.pdb_PHE65_HPR_Packing_score:-2.541668_Hbond_score:0.000000
RT 0.715426 -0.6572 -0.237179 0.47597 0.706941 -0.523152 0.511487 0.261387 0.818571 0.126179 -0.468929 3.6844  
SINGLE   MET   CG   SD   CE   LG1   OH   CH1   CH2 ### REMARK 2ADA_HPR.pdb_MET155_HPR_Packing_score:-1.759616_Hbond_score:0.000000
RT -0.600326 -0.176764 -0.779976 -0.117459 0.98418 -0.132637 0.791083 0.0119902 -0.611592 -3.31232 1.04443 -1.99658  
SINGLE   HIS   ND1   CE1   NE2   LG1   aroC   aroC   OH ### REMARK 2ADA_HPR.pdb_HIS238_HPR_Packing_score:-0.688213_Hbond_score:-0.967195
RT -0.924787 0.185247 0.332344 0.270701 -0.293476 0.916839 0.267377 0.937846 0.221256 -4.30486 1.63566 -1.5268  
SINGLE   ASP   OD1   CG   OD2   LG1   aroC   aroC   OH ### REMARK 2ADA_HPR.pdb_ASP295_HPR_Packing_score:-1.093897_Hbond_score:-0.370231
RT -0.671036 -0.740134 -0.0437383 0.350711 -0.368838 0.860791 -0.653232 0.562282 0.507076 2.2479 3.25233 -1.62492  
SINGLE   ASN   OD1   CG   ND2   LG1   CH1   CH2   OH ### REMARK 2ADD_FRU.pdb_ASN21_FRU_Packing_score:-0.930382_Hbond_score:-1.395229
RT -0.944531 0.179453 -0.275058 -0.1327 -0.97464 -0.18019 -0.300418 -0.133695 0.944391 -0.123085 5.20099 0.328915  
SINGLE   ASP   OD1   CG   OD2   LG1   CH1   CH2   OH ### REMARK 2ADD_FRU.pdb_ASP22_FRU_Packing_score:-1.950325_Hbond_score:0.000000
RT -0.606675 -0.320643 0.727415 0.20495 0.821024 0.532837 -0.768076 0.472343 -0.432379 0.999386 3.34843 -1.0759  
SINGLE   TRP   CG   CD2   CE2   LG1   CH2   CH1   OH ### REMARK 2ADD_FRU.pdb_TRP82_FRU_Packing_score:-2.226796_Hbond_score:0.000000
RT -0.382471 -0.304126 0.872481 0.612782 0.623239 0.485872 -0.691531 0.720473 -0.0520073 3.37068 0.0140853 4.16626  
SINGLE   SER   OG   CB   CA   LG1   CH1   CH1   OH ### REMARK 2ADD_FRU.pdb_SER83_FRU_Packing_score:-1.089218_Hbond_score:0.000000
RT 0.882843 -0.419236 -0.211729 0.431916 0.547621 0.71663 -0.18449 -0.724121 0.664539 1.74197 -0.901545 3.74196  
SINGLE   GLU   OE1   CD   OE2   LG1   CH1   CH2   OH ### REMARK 2ADD_FRU.pdb_GLU201_FRU_Packing_score:-1.840432_Hbond_score:0.000000
RT 0.682737 -0.330549 0.651619 -0.703328 -0.53897 0.46351 0.19799 -0.774757 -0.600459 0.425704 2.08218 3.83924  
SINGLE   TRP   CG   CD2   CE2   LG1   CH1   CH2   OH ### REMARK 2ADD_GLC.pdb_TRP82_GLC_Packing_score:-2.164102_Hbond_score:0.000000
RT 0.253586 -0.311458 -0.915799 -0.294828 0.876812 -0.379838 0.921287 0.366325 0.130521 -1.25828 0.734804 3.39002  
SINGLE   ARG   NH1   CZ   NH2   LG1   CH1   CH1   OH ### REMARK 2ADD_GLC.pdb_ARG146_GLC_Packing_score:-2.614787_Hbond_score:0.000000
RT 0.536711 0.520835 -0.663831 -0.543247 0.815292 0.200452 0.645619 0.25304 0.720519 -1.96682 0.891322 3.03632  
SINGLE   GLU   OE1   CD   OE2   LG1   CH1   CH1   OH ### REMARK 2ADD_GLC.pdb_GLU201_GLC_Packing_score:-1.199390_Hbond_score:-0.398446
RT 0.333664 -0.70343 0.627579 -0.89176 -0.0196638 0.452081 -0.305666 -0.710493 -0.633852 4.04054 1.64078 1.44515  
SINGLE   SER   OG   CB   CA   LG1   CH1   CH2   OH ### REMARK 2ADD_NAG.pdb_SER399_NAG_Packing_score:-1.122968_Hbond_score:0.000000
RT -0.472639 0.878707 -0.0669836 0.101175 -0.0214009 -0.994638 -0.875429 -0.476882 -0.0787885 -3.44516 -0.195072 3.30153  
SINGLE   ARG   NH1   CZ   NH2   LG1   OH   CH1   OH ### REMARK 2ADD_NAG.pdb_ARG401_NAG_Packing_score:-1.421190_Hbond_score:0.000000
RT -0.879098 0.293385 -0.37565 0.282551 -0.313948 -0.906423 -0.383865 -0.902974 0.193095 -1.48046 -4.33332 4.01443  
SINGLE   ARG   NH1   CZ   NH2   LG1   CH3   COO   ONH2 ### REMARK 2ADD_NAG.pdb_ARG445_NAG_Packing_score:-2.724840_Hbond_score:0.000000
RT 0.479091 -0.854668 0.200038 -0.678743 -0.505219 -0.532975 0.556579 0.119569 -0.822145 1.10497 -1.10015 -3.72133  
SINGLE   TRP   CG   CD2   CE2   LG1   CH1   CH1   OH ### REMARK 2ADE_FRU.pdb_TRP82_FRU_Packing_score:-2.139090_Hbond_score:0.000000
RT 0.501902 0.476557 -0.721795 0.863629 -0.321782 0.388074 -0.0473212 -0.818138 -0.573072 2.50244 -1.65552 4.24732  
SINGLE   ARG   NH1   CZ   NH2   LG1   CH1   CH1   OH ### REMARK 2ADE_FRU.pdb_ARG146_FRU_Packing_score:-2.146361_Hbond_score:-0.923878
RT 0.500499 0.863763 -0.0584268 -0.542706 0.365615 0.756172 0.674515 -0.346755 0.651759 -4.09562 -2.80462 0.228675  
SINGLE   GLU   OE1   CD   OE2   LG1   OH   CH1   OH ### REMARK 2ADE_FRU.pdb_GLU201_FRU_Packing_score:-2.406230_Hbond_score:0.000000
RT 0.613927 0.677169 0.40563 0.113578 0.432742 -0.894334 -0.781149 0.595127 0.188761 1.51525 1.09289 3.5707  
SINGLE   SER   OG   CB   CA   LG1   CH3   COO   ONH2 ### REMARK 2ADE_NAG.pdb_SER399_NAG_Packing_score:-1.198828_Hbond_score:0.000000
RT 0.830329 -0.261767 -0.491968 0.494362 -0.0614746 0.86708 -0.257216 -0.963171 0.0783636 -0.771871 -4.40839 -0.908567  
SINGLE   ARG   NH1   CZ   NH2   LG1   Ntrp   COO   ONH2 ### REMARK 2ADE_NAG.pdb_ARG445_NAG_Packing_score:-2.281609_Hbond_score:0.000000
RT 0.0570411 0.987552 0.146583 0.410278 0.110665 -0.905221 -0.910175 0.111775 -0.398859 1.03243 -0.447458 -4.05537  
SINGLE   PHE   CE1   CZ   CE2   LG1   OOC   COO   CH3 ### REMARK 2ADF_ACY.pdb_PHE1060_ACY_Packing_score:-1.949534_Hbond_score:0.000000
RT 0.0914141 -0.876172 -0.473251 0.96814 0.189454 -0.163746 0.233129 -0.443205 0.865575 3.72281 1.80737 -3.20717  
SINGLE   PHE   CE1   CZ   CE2   LG1   OOC   COO   CH3 ### REMARK 2ADF_ACY.pdb_PHE1104_ACY_Packing_score:-1.938845_Hbond_score:0.000000
RT -0.347807 -0.80496 -0.480697 -0.819785 0.509892 -0.260697 0.454954 0.303396 -0.837238 1.9846 -0.769084 -3.56659  
SINGLE   LYS   NZ   CE   CD   LG1   OH   COO   CH3 ### REMARK 2ADF_ACY.pdb_LYS1107_ACY_Packing_score:-1.306087_Hbond_score:0.000000
RT 0.853485 0.101061 -0.511224 0.11189 0.922597 0.369183 0.508964 -0.372293 0.776115 -5.03078 -1.29019 0.881187  
SINGLE   THR   OG1   CB   CG2   LG1   CH1   CH2   OH ### REMARK 2ADF_GOL.pdb_THR93_GOL_Packing_score:-1.372201_Hbond_score:0.000000
RT 0.354072 0.333872 0.873592 0.457813 -0.876407 0.149394 0.8155 0.347045 -0.463162 2.94958 3.15992 -0.618015  
SINGLE   SER   OG   CB   CA   LG1   OOC   S   OOC ### REMARK 2ADF_SO4.pdb_SER191_SO4_Packing_score:-1.194921_Hbond_score:0.000000
RT 0.296538 0.450579 0.842047 0.925259 0.0828548 -0.370177 -0.236562 0.888883 -0.392333 1.81711 -3.31086 -0.600418  
SINGLE   ASP   OD1   CG   OD2   LG1   CH2   CH1   Nlys ### REMARK 2ADI_TRS.pdb_ASP92_TRS_Packing_score:-1.358198_Hbond_score:0.000000
RT -0.693728 -0.651253 -0.307588 0.318932 -0.660683 0.679544 -0.645774 0.373319 0.66604 1.24946 3.99736 -0.934876  
SINGLE   PRO   CG   CD   NV   LG1   CH2   CH1   Oet3 ### REMARK 2ADM_SAM.pdb_PRO107_SAM_Packing_score:-1.111611_Hbond_score:0.000000
RT -0.601884 -0.359055 -0.713313 0.653306 -0.735081 -0.181239 -0.459267 -0.575096 0.677006 3.29644 -1.20319 4.01938  
SINGLE   ILE   CG1   CB   CG2   LG1   Nhis   aroC   Nhis ### REMARK 2ADM_SAM.pdb_ILE72_SAM_Packing_score:-2.767578_Hbond_score:0.000000
RT -0.624944 0.345916 -0.699849 0.591046 0.795314 -0.134685 0.51001 -0.497813 -0.701478 -2.41078 -0.266355 -2.88394  
SINGLE   PRO   CG   CD   NV   LG1   VIRT   CH1   Ntrp ### REMARK 2ADM_SAM.pdb_PRO107_SAM_Packing_score:-1.436766_Hbond_score:0.000000
RT -0.700924 0.148162 -0.697677 0.624647 -0.344637 -0.700743 -0.344269 -0.92697 0.149015 4.15496 -2.70491 2.99629  
SINGLE   PHE   CE1   CZ   CE2   LG1   aroC   Ntrp   Nhis ### REMARK 2ADU_R20.pdb_PHE219_R20_Packing_score:-2.118890_Hbond_score:0.000000
RT 0.747774 -0.410492 0.521853 0.662639 0.51083 -0.547688 -0.0417567 0.755347 0.653993 -0.224755 -1.01522 3.7191  
SINGLE   HIS   ND1   CE1   NE2   LG1   aroC   aroC   aroC ### REMARK 2ADU_R20.pdb_HIS231_R20_Packing_score:-2.410995_Hbond_score:0.000000
RT -0.39039 0.700088 -0.59789 -0.906822 -0.180272 0.381021 0.158966 0.690926 0.705231 -2.64826 2.95024 2.18046  
SINGLE   ASP   OD1   CG   OD2   LG1   Nhis   Nhis   Ntrp ### REMARK 2ADU_R20.pdb_ASP251_R20_Packing_score:-1.031092_Hbond_score:0.000000
RT -0.293925 -0.160607 0.942238 0.405761 -0.913515 -0.0291368 0.865428 0.37376 0.333673 0.858455 4.43113 1.4421  
SINGLE   ASP   OD1   CG   OD2   LG1   Nhis   Nhis   Ntrp ### REMARK 2ADU_R20.pdb_ASP262_R20_Packing_score:-1.423409_Hbond_score:0.000000
RT -0.348776 0.803925 -0.481726 0.491477 -0.280767 -0.824391 -0.798001 -0.524284 -0.297186 0.265842 3.3699 -0.911034  
SINGLE   HIS   ND1   CE1   NE2   LG1   Nhis   Nhis   Ntrp ### REMARK 2ADU_R20.pdb_HIS331_R20_Packing_score:-1.000409_Hbond_score:-0.310366
RT 0.393013 -0.908529 0.141829 -0.0992755 -0.195262 -0.975714 0.914158 0.369388 -0.166935 -3.29517 1.66448 1.43066  
SINGLE   ILE   CG1   CB   CG2   LG1   Nhis   Nhis   Ntrp ### REMARK 2ADU_R20.pdb_ILE338_R20_Packing_score:-2.378763_Hbond_score:0.000000
RT -0.80669 0.04603 -0.589179 0.587754 -0.0414411 -0.807977 -0.0616074 -0.99808 0.00637583 5.82793 1.56097 -0.160679  
SINGLE   HIS   ND1   CE1   NE2   LG1   Nhis   Nhis   Ntrp ### REMARK 2ADU_R20.pdb_HIS339_R20_Packing_score:-2.598028_Hbond_score:-1.563134
RT 0.632671 -0.610568 0.476376 -0.265727 0.406635 0.874092 -0.727404 -0.679599 0.0950211 -4.05674 2.87168 0.48489  
SINGLE   MET   CG   SD   CE   LG1   aroC   aroC   CH3 ### REMARK 2ADU_R20.pdb_MET384_R20_Packing_score:-1.064242_Hbond_score:0.000000
RT 0.697449 0.715168 -0.045824 -0.547141 0.572699 0.610452 0.462819 -0.400687 0.790726 -2.79793 1.58939 3.78476  
SINGLE   TYR   CE1   CZ   CE2   LG1   aroC   aroC   CH3 ### REMARK 2ADU_R20.pdb_TYR444_R20_Packing_score:-2.644887_Hbond_score:0.000000
RT -0.3144 -0.429103 0.846772 0.922807 -0.347378 0.166597 0.222663 0.833786 0.505195 1.30639 0.995621 -4.1411  
SINGLE   MET   CG   SD   CE   LG1   OH   COO   CH3 ### REMARK 2AE0_ACY.pdb_MET208_ACY_Packing_score:-1.094399_Hbond_score:0.000000
RT -0.854874 0.332258 0.398492 -0.493253 -0.282254 -0.822821 -0.160913 -0.899965 0.405179 -4.29618 1.99202 -1.1762  
SINGLE   PHE   CE1   CZ   CE2   LG1   OH   CH2   CH2 ### REMARK 2AE0_EDO.pdb_PHE21_EDO_Packing_score:-2.274931_Hbond_score:0.000000
RT 0.0165558 0.999634 -0.0213987 -0.98034 0.0204373 0.196252 0.196618 0.0177289 0.98032 0.489636 2.33481 3.70507  
SINGLE   TRP   CG   CD2   CE2   LG1   CH2   CH2   OH ### REMARK 2AE0_EDO.pdb_TRP85_EDO_Packing_score:-1.946495_Hbond_score:0.000000
RT 0.971979 -0.0433299 0.231038 0.0116305 0.990525 0.136837 -0.234779 -0.130316 0.963274 0.68275 -0.709267 -3.86686  
SINGLE   VAL   CG1   CB   CG2   LG1   OH   CH2   CH2 ### REMARK 2AE0_EDO.pdb_VAL332_EDO_Packing_score:-1.106408_Hbond_score:0.000000
RT 0.545846 0.147178 0.824858 0.837826 -0.107629 -0.535224 0.0100058 0.983237 -0.182059 1.38198 0.618577 3.69303  
SINGLE   LYS   NZ   CE   CD   LG1   CH2   CH2   OH ### REMARK 2AE0_EDO.pdb_LYS334_EDO_Packing_score:-1.688685_Hbond_score:-1.316150
RT -0.749104 -0.220885 -0.624542 -0.660281 0.172682 0.730897 -0.0535968 0.959891 -0.275203 2.45271 1.11003 -3.57142  
SINGLE   ARG   NH1   CZ   NH2   LG1   OH   Phos   OH ### REMARK 2AE2_NAP.pdb_ARG19_NAP_Packing_score:-5.644992_Hbond_score:-2.127606
RT 0.593627 -0.64311 -0.483752 -0.620668 0.0167394 -0.783895 0.512228 0.765591 -0.389221 2.36655 3.09248 -1.14115  
SINGLE   ARG   NH1   CZ   NH2   LG1   OOC   Phos   OH ### REMARK 2AE2_NAP.pdb_ARG41_NAP_Packing_score:-7.548743_Hbond_score:-2.205024
RT 0.549722 0.834837 0.0292106 -0.784085 0.527733 -0.326662 -0.288125 0.15667 0.94469 -4.20892 0.239429 -0.105451  
SINGLE   GLU   OE1   CD   OE2   LG1   CH2   CH1   Nhis ### REMARK 2AE2_PTO.pdb_GLU156_PTO_Packing_score:-2.404573_Hbond_score:0.000000
RT -0.0869622 -0.834586 -0.543971 0.862767 -0.336093 0.377724 -0.498068 -0.436472 0.74928 1.09897 4.2729 0.316932  
SINGLE   TYR   CE1   CZ   CE2   LG1   CH2   CH1   OH ### REMARK 2AE2_PTO.pdb_TYR159_PTO_Packing_score:-1.793390_Hbond_score:-1.048836
RT -0.379322 -0.0710647 0.922532 0.755226 0.552245 0.353071 -0.534554 0.830648 -0.155809 1.10058 -2.91382 -2.71382  
SINGLE   LEU   CD1   CG   CD2   LG1   CH2   CH1   Nhis ### REMARK 2AE2_PTO.pdb_LEU196_PTO_Packing_score:-1.129320_Hbond_score:0.000000
RT -0.437421 -0.466697 0.768672 -0.0410716 0.864262 0.501362 -0.898318 0.187736 -0.397214 -0.861374 4.98156 1.38957  
SINGLE   LEU   CD1   CG   CD2   LG1   CH1   Nhis   CH3 ### REMARK 2AE2_PTO.pdb_LEU210_PTO_Packing_score:-1.151923_Hbond_score:0.000000
RT 0.434147 -0.692191 -0.576531 0.897566 0.277847 0.34231 -0.0767569 -0.666088 0.741913 6.14189 -0.778759 -0.231835  
SINGLE   LEU   CD1   CG   CD2   LG1   OH   CH1   CH2 ### REMARK 2AE3_GOL.pdb_LEU148_GOL_Packing_score:-1.249204_Hbond_score:0.000000
RT -0.710311 0.0708395 0.700314 0.348015 0.900155 0.261929 -0.611836 0.429771 -0.664043 -1.33045 2.64897 -4.05401  
SINGLE   PRO   CG   CD   NV   LG1   OH   CH2   CH1 ### REMARK 2AE3_GOL.pdb_PRO162_GOL_Packing_score:-1.348257_Hbond_score:0.000000
RT -0.525222 -0.848471 0.0651011 -0.509447 0.374791 0.774594 -0.68162 0.373668 -0.6291 5.87053 2.70225 0.846349  
SINGLE   LEU   CD1   CG   CD2   LG1   OH   CH1   CH2 ### REMARK 2AE4_GOL.pdb_LEU148_GOL_Packing_score:-1.341359_Hbond_score:0.000000
RT -0.738362 0.00204071 0.674401 0.22347 0.944241 0.241806 -0.636304 0.329249 -0.697648 -2.16173 2.4864 -3.73156  
SINGLE   PRO   CG   CD   NV   LG1   OH   CH2   CH1 ### REMARK 2AE4_GOL.pdb_PRO162_GOL_Packing_score:-1.637828_Hbond_score:0.000000
RT -0.66937 -0.477333 0.569295 0.315656 0.51095 0.799557 -0.672536 0.714901 -0.191342 4.36346 -3.16379 0.687798  
SINGLE   TYR   CE1   CZ   CE2   LG1   OOC   S   OOC ### REMARK 2AE4_SO4.pdb_TYR149_SO4_Packing_score:-1.255311_Hbond_score:-0.251543
RT 0.285085 -0.95502 -0.0816313 0.522177 0.0833276 0.848757 -0.803777 -0.284593 0.522445 -3.01006 -1.52412 2.77073  
SINGLE   PHE   CE1   CZ   CE2   LG1   OOC   S   OOC ### REMARK 2AE4_SO4.pdb_PHE177_SO4_Packing_score:-1.104556_Hbond_score:0.000000
RT 0.867529 -0.318061 0.3824 0.391778 0.91063 -0.131389 -0.306435 0.2638 0.914608 -2.99754 2.01612 3.35911  
SINGLE   TYR   CE1   CZ   CE2   LG1   OOC   S   OOC ### REMARK 2AE5_SO4.pdb_TYR33_SO4_Packing_score:-0.983025_Hbond_score:-0.380208
RT 0.00109968 0.890313 0.455348 0.973135 0.103883 -0.205465 -0.230231 0.443341 -0.866281 -3.17962 -3.42871 0.0793084  
SINGLE   PHE   CE1   CZ   CE2   LG1   OOC   S   OOC ### REMARK 2AE5_SO4.pdb_PHE58_SO4_Packing_score:-1.082866_Hbond_score:0.000000
RT 0.968653 -0.241995 0.0561278 0.182034 0.537698 -0.823253 0.169043 0.807663 0.564894 -0.850455 -3.93245 -0.395902  
SINGLE   ASP   OD1   CG   OD2   LG1   CH3   CH2   OH ### REMARK 2AE6_EOH.pdb_ASP153_EOH_Packing_score:-1.345429_Hbond_score:0.000000
RT -0.0540943 -0.717058 0.694912 0.792792 -0.453952 -0.406705 0.607087 0.52892 0.593034 0.30121 -1.56724 -4.12732  
SINGLE   TRP   CG   CD2   CE2   LG1   CH2   OH   CH2 ### REMARK 2AE7_DIO.pdb_TRP308_DIO_Packing_score:-1.287479_Hbond_score:0.000000
RT 0.585398 0.455042 -0.671004 -0.805057 0.424136 -0.41472 0.0958824 0.782972 0.614623 0.823837 5.77104 -1.87439  
SINGLE   ARG   NH1   CZ   NH2   LG1   CH2   CH2   OH ### REMARK 2AE7_DIO.pdb_ARG358_DIO_Packing_score:-1.215289_Hbond_score:0.000000
RT 0.0100625 0.789727 -0.613375 0.403476 0.558049 0.725113 0.914935 -0.254779 -0.313021 -0.394107 3.71059 1.77128  
SINGLE   SER   OG   CB   CA   LG1   CH2   OH   CH2 ### REMARK 2AE7_DIO.pdb_SER398_DIO_Packing_score:-1.401830_Hbond_score:0.000000
RT 0.656431 0.610969 -0.44251 0.741512 -0.630471 0.229492 -0.138777 -0.478771 -0.866902 1.36105 -0.247965 -2.98425  
SINGLE   ARG   NH1   CZ   NH2   LG1   OH   CH1   CH2 ### REMARK 2AE7_GOL.pdb_ARG224_GOL_Packing_score:-1.465882_Hbond_score:0.000000
RT -0.937159 -0.236968 0.256084 -0.340873 0.465306 -0.816881 0.0744175 -0.85284 -0.516842 0.0946842 -3.12329 4.76286  
SINGLE   TRP   CG   CD2   CE2   LG1   OH   CH1   CH2 ### REMARK 2AE7_GOL.pdb_TRP310_GOL_Packing_score:-2.613082_Hbond_score:0.000000
RT 0.398167 0.721096 0.566994 0.407891 0.414459 -0.813541 -0.821637 0.555197 -0.129105 0.808763 3.51275 3.33043  
SINGLE   GLU   OE1   CD   OE2   LG1   CH1   CH2   OH ### REMARK 2AE7_GOL.pdb_GLU313_GOL_Packing_score:-1.537691_Hbond_score:0.000000
RT -0.241168 -0.40106 0.883736 0.95362 -0.266952 0.13909 0.180132 0.876292 0.446839 3.19471 2.4583 0.049467  
SINGLE   ARG   NH1   CZ   NH2   LG1   OH   CH1   CH2 ### REMARK 2AE7_GOL.pdb_ARG224_GOL_Packing_score:-1.582360_Hbond_score:0.000000
RT -0.945965 -0.323108 -0.0274229 -0.127077 0.447186 -0.885368 0.298333 -0.834042 -0.464081 0.520883 -2.68751 4.87654  
SINGLE   PHE   CE1   CZ   CE2   LG1   OH   CH1   CH2 ### REMARK 2AE7_GOL.pdb_PHE318_GOL_Packing_score:-1.154212_Hbond_score:0.000000
RT -0.594594 -0.320189 0.737521 0.453565 -0.890972 -0.0211422 0.66388 0.321943 0.674993 -0.416715 -3.84891 -1.51491  
SINGLE   ASP   OD1   CG   OD2   LG1   OH   CH2   CH1 ### REMARK 2AE7_GOL.pdb_ASP369_GOL_Packing_score:-1.026233_Hbond_score:0.000000
RT 0.718706 0.407449 0.563425 0.687477 -0.295089 -0.663549 -0.104102 0.864238 -0.492194 2.02778 -2.5432 2.16496  
SINGLE   ASN   OD1   CG   ND2   LG1   OH   CH2   CH1 ### REMARK 2AE7_GOL.pdb_ASN186_GOL_Packing_score:-1.691799_Hbond_score:-0.849092
RT 0.754512 0.0195379 -0.655996 -0.461878 -0.694299 -0.551921 -0.466241 0.719421 -0.514833 -1.38866 4.28763 1.37898  
SINGLE   ASN   OD1   CG   ND2   LG1   CH1   CH2   OH ### REMARK 2AE7_GOL.pdb_ASN215_GOL_Packing_score:-1.477467_Hbond_score:-1.552271
RT -0.695447 -0.462624 -0.549848 0.652157 -0.727657 -0.212621 -0.301737 -0.506453 0.80775 3.21546 2.683 -0.617164  
SINGLE   ASN   OD1   CG   ND2   LG1   OH   CH1   CH2 ### REMARK 2AE7_GOL.pdb_ASN306_GOL_Packing_score:-1.155761_Hbond_score:0.000000
RT -0.510005 0.854462 0.0989385 -0.530341 -0.2218 -0.818256 -0.677224 -0.469786 0.566276 0.306762 -4.62048 0.495776  
SINGLE   TRP   CG   CD2   CE2   LG1   OH   CH1   CH2 ### REMARK 2AE7_GOL.pdb_TRP308_GOL_Packing_score:-1.285910_Hbond_score:-0.269218
RT -0.983146 -0.0443218 0.177366 -0.0951102 0.952541 -0.289171 -0.156131 -0.301166 -0.940703 2.10292 5.49118 -0.723854  
SINGLE   ARG   NH1   CZ   NH2   LG1   OH   CH2   CH1 ### REMARK 2AE7_GOL.pdb_ARG358_GOL_Packing_score:-1.114043_Hbond_score:-0.216281
RT -0.600177 0.723404 0.341285 0.788432 0.606934 0.100035 -0.134771 0.329118 -0.934622 -1.38605 3.51151 2.25199  
SINGLE   TYR   CE1   CZ   CE2   LG1   OH   CH2   CH1 ### REMARK 2AE7_GOL.pdb_TYR196_GOL_Packing_score:-1.517299_Hbond_score:0.000000
RT -0.707872 0.159155 0.688177 0.699406 0.0217453 0.714393 0.0987346 0.987014 -0.126707 1.29037 -1.22157 3.38049  
SINGLE   TYR   CE1   CZ   CE2   LG1   OH   CH1   OH ### REMARK 2AE7_MAN.pdb_TYR282_MAN_Packing_score:-1.594856_Hbond_score:0.000000
RT 0.375229 0.409463 0.831591 0.920592 -0.26937 -0.282754 0.108228 0.871654 -0.478023 -1.61436 0.813152 3.52731  
SINGLE   PHE   CE1   CZ   CE2   LG1   CH2   CH1   OH ### REMARK 2AE7_MAN.pdb_PHE356_MAN_Packing_score:-1.272639_Hbond_score:0.000000
RT 0.767356 -0.198375 -0.609764 0.564018 0.661192 0.49468 0.305039 -0.723514 0.619257 -5.12213 1.53751 0.626215  
SINGLE   TYR   CE1   CZ   CE2   LG1   CH2   CH1   OH ### REMARK 2AE7_MAN.pdb_TYR282_MAN_Packing_score:-2.709778_Hbond_score:0.000000
RT -0.34032 -0.835428 0.431558 -0.930488 0.365365 -0.0264796 -0.135554 -0.410571 -0.901696 0.890823 3.76326 3.67681  
SINGLE   PHE   CE1   CZ   CE2   LG1   CH2   CH1   OH ### REMARK 2AE7_MAN.pdb_PHE356_MAN_Packing_score:-1.036021_Hbond_score:0.000000
RT 0.879164 0.0205865 -0.476074 0.240323 0.843549 0.48028 0.411479 -0.536657 0.736671 -5.16636 0.93316 1.15586  
SINGLE   TRP   CG   CD2   CE2   LG1   CH1   CH2   OH ### REMARK 2AE7_NAG.pdb_TRP310_NAG_Packing_score:-2.410809_Hbond_score:0.000000
RT -0.162738 0.423718 0.891055 -0.762805 -0.626836 0.15876 0.625815 -0.653865 0.425225 -4.66255 4.96796 1.93605  
SINGLE   ASP   OD1   CG   OD2   LG1   CH1   CH1   OH ### REMARK 2AE7_NAG.pdb_ASP314_NAG_Packing_score:-1.652549_Hbond_score:-1.040343
RT -0.533461 0.321994 0.782138 0.529909 -0.593504 0.605764 0.659254 0.737613 0.145984 1.85763 3.30955 -0.357045  
SINGLE   ARG   NH1   CZ   NH2   LG1   Ntrp   COO   ONH2 ### REMARK 2AE7_NAG.pdb_ARG355_NAG_Packing_score:-2.190983_Hbond_score:-0.554360
RT -0.837654 0.0658865 -0.542212 -0.310167 0.759733 0.571491 0.44959 0.646888 -0.615958 -3.97963 -2.64958 -0.570918  
SINGLE   PHE   CE1   CZ   CE2   LG1   CH3   COO   ONH2 ### REMARK 2AE7_NAG.pdb_PHE356_NAG_Packing_score:-1.085151_Hbond_score:0.000000
RT 0.507508 0.721383 0.471213 0.842301 -0.530588 -0.0948981 0.181562 0.445064 -0.8769 -2.73617 1.21001 -3.81715  
SINGLE   PHE   CE1   CZ   CE2   LG1   Ntrp   COO   ONH2 ### REMARK 2AE7_NAG.pdb_PHE356_NAG_Packing_score:-1.162789_Hbond_score:0.000000
RT -0.867951 -0.207683 -0.451142 0.178977 -0.978132 0.10595 -0.46328 0.0112152 0.886141 -2.96643 1.47184 -3.57175  
SINGLE   PHE   CE1   CZ   CE2   LG1   OOC   S   OOC ### REMARK 2AE7_SO4.pdb_PHE145_SO4_Packing_score:-1.229835_Hbond_score:0.000000
RT -0.912785 0.119882 -0.390451 -0.257342 -0.911144 0.321856 -0.317172 0.394265 0.862529 5.31527 2.78557 -2.7162  
SINGLE   ARG   NH1   CZ   NH2   LG1   OOC   S   OOC ### REMARK 2AE7_SO4.pdb_ARG339_SO4_Packing_score:-1.524315_Hbond_score:-0.704186
RT 0.668916 -0.697085 0.258115 0.494548 0.158105 -0.854649 0.554954 0.699339 0.450501 2.26656 3.50095 -0.924002  
SINGLE   ASN   OD1   CG   ND2   LG1   OOC   S   OOC ### REMARK 2AE7_SO4.pdb_ASN160_SO4_Packing_score:-1.513436_Hbond_score:0.000000
RT -0.835793 -0.485823 -0.255784 -0.190635 -0.180105 0.964998 -0.514886 0.8553 0.0579157 -0.648986 1.17831 3.94113  
SINGLE   ARG   NH1   CZ   NH2   LG1   OOC   S   OOC ### REMARK 2AE7_SO4.pdb_ARG170_SO4_Packing_score:-2.386872_Hbond_score:0.000000
RT -0.980409 0.0825573 0.178834 0.0554551 -0.755506 0.65279 0.189003 0.649919 0.736127 3.36551 1.25805 2.0127  
SINGLE   PHE   CE1   CZ   CE2   LG1   OOC   S   OOC ### REMARK 2AE7_SO4.pdb_PHE145_SO4_Packing_score:-1.063175_Hbond_score:0.000000
RT -0.878541 -0.279724 -0.387196 -0.476573 0.458475 0.750119 -0.0323063 0.843537 -0.536098 5.43313 3.18429 -2.81469  
SINGLE   ARG   NH1   CZ   NH2   LG1   OOC   S   OOC ### REMARK 2AE7_SO4.pdb_ARG339_SO4_Packing_score:-1.203036_Hbond_score:-0.914172
RT -0.031603 -0.134456 0.990415 -0.918255 0.395241 0.0243565 -0.394727 -0.908684 -0.135956 2.62589 3.82654 -0.0990601  
SINGLE   ASN   OD1   CG   ND2   LG1   OOC   S   OOC ### REMARK 2AE7_SO4.pdb_ASN160_SO4_Packing_score:-1.362811_Hbond_score:0.000000
RT 0.528468 0.840464 -0.119753 0.831726 -0.484295 0.271457 0.170154 -0.243058 -0.954971 -1.56985 1.56198 3.67719  
SINGLE   TYR   CE1   CZ   CE2   LG1   OOC   S   OOC ### REMARK 2AE7_SO4.pdb_TYR167_SO4_Packing_score:-1.331703_Hbond_score:0.000000
RT -0.13623 0.811173 -0.568718 0.286186 0.581818 0.761305 0.94844 -0.059047 -0.311407 0.766932 -4.21954 -1.01357  
SINGLE   ARG   NH1   CZ   NH2   LG1   OOC   S   OOC ### REMARK 2AE7_SO4.pdb_ARG170_SO4_Packing_score:-1.649458_Hbond_score:0.000000
RT -0.370453 -0.0351389 0.928186 -0.832009 0.456814 -0.314773 -0.412948 -0.888868 -0.198464 -4.12878 -1.63493 2.67293  
SINGLE   LEU   CD1   CG   CD2   LG1   OOC   S   OOC ### REMARK 2AE7_SO4.pdb_LEU151_SO4_Packing_score:-1.665133_Hbond_score:0.000000
RT -0.403058 -0.522736 -0.751193 0.787724 0.219679 -0.575528 0.465871 -0.823704 0.323229 -0.51795 -4.17976 0.446511  
SINGLE   ARG   NH1   CZ   NH2   LG1   OOC   S   OOC ### REMARK 2AE7_SO4.pdb_ARG345_SO4_Packing_score:-1.910091_Hbond_score:0.000000
RT -0.539878 -8.40069e-05 -0.841744 -0.837512 0.100202 0.537153 0.0842989 0.994967 -0.054167 4.7928 -1.70402 0.581848  
SINGLE   ASN   OD1   CG   ND2   LG1   OOC   S   OOC ### REMARK 2AE7_SO4.pdb_ASN160_SO4_Packing_score:-1.471150_Hbond_score:0.000000
RT 0.570094 -0.707565 0.417546 -0.729676 -0.20249 0.653124 -0.377579 -0.677015 -0.631732 -1.1464 1.51962 3.66677  
SINGLE   TYR   CE1   CZ   CE2   LG1   OOC   S   OOC ### REMARK 2AE7_SO4.pdb_TYR167_SO4_Packing_score:-1.515865_Hbond_score:0.000000
RT 0.904807 0.0241639 0.425136 0.335515 0.574327 -0.746712 -0.26221 0.81827 0.511547 0.993796 -4.00743 -0.803783  
SINGLE   ARG   NH1   CZ   NH2   LG1   OOC   S   OOC ### REMARK 2AE7_SO4.pdb_ARG170_SO4_Packing_score:-3.149660_Hbond_score:0.000000
RT -0.0551947 0.25403 -0.96562 -0.988344 0.123517 0.0889878 0.141876 0.959277 0.244252 0.919134 -1.72881 3.63352  
SINGLE   ARG   NH1   CZ   NH2   LG1   OOC   S   OOC ### REMARK 2AE7_SO4.pdb_ARG342_SO4_Packing_score:-1.096266_Hbond_score:-0.357308
RT 0.632098 0.449334 0.631309 -0.26156 -0.643173 0.719664 0.72941 -0.620023 -0.28902 2.72943 3.53171 1.49775  
SINGLE   ARG   NH1   CZ   NH2   LG1   OOC   S   OOC ### REMARK 2AE7_SO4.pdb_ARG345_SO4_Packing_score:-2.423212_Hbond_score:0.000000
RT -0.501254 -0.501305 0.705293 -0.835796 0.0694665 -0.544627 0.22403 -0.862478 -0.453809 4.42485 -1.80959 -0.0650373  
SINGLE   ARG   NH1   CZ   NH2   LG1   OOC   Phos   OH ### REMARK 2AE7_UDH.pdb_ARG187_UDH_Packing_score:-5.310294_Hbond_score:-0.785521
RT 0.783952 0.368519 0.499612 -0.441922 0.896476 0.0321789 -0.436032 -0.246016 0.865651 -0.679108 4.44521 1.33488  
SINGLE   ASP   OD1   CG   OD2   LG1   CH1   CH1   OH ### REMARK 2AE7_UDH.pdb_ASP250_UDH_Packing_score:-1.122970_Hbond_score:0.000000
RT 0.71821 0.576777 -0.389233 0.682246 -0.473737 0.556879 0.136801 -0.665509 -0.733746 0.375322 2.94384 3.44559  
SINGLE   TRP   CG   CD2   CE2   LG1   OOC   Phos   OOC ### REMARK 2AE7_UDH.pdb_TRP310_UDH_Packing_score:-2.733657_Hbond_score:-0.994029
RT -0.794681 -0.380445 -0.473016 -0.429416 0.903093 -0.00492249 0.42905 0.199209 -0.88104 1.94013 5.57494 -1.2177  
SINGLE   HIS   ND1   CE1   NE2   LG1   OOC   Phos   OH ### REMARK 2AE7_UDH.pdb_HIS343_UDH_Packing_score:-4.096721_Hbond_score:0.000000
RT 0.411077 -0.497566 -0.763835 0.911558 0.232509 0.33912 0.00886439 -0.835684 0.549139 -3.32514 -0.733316 1.78362  
SINGLE   ARG   NH1   CZ   NH2   LG1   CH2   CH2   NH2O ### REMARK 2AE7_UDH.pdb_ARG345_UDH_Packing_score:-3.346899_Hbond_score:0.000000
RT -0.96723 0.0337719 0.251646 -0.0993179 0.861818 -0.497398 -0.233672 -0.506092 -0.830222 3.35676 -0.00362726 3.74532  
SINGLE   ASP   OD1   CG   OD2   LG1   aroC   COO   ONH2 ### REMARK 2AE7_UDH.pdb_ASP346_UDH_Packing_score:-2.284819_Hbond_score:0.000000
RT 0.909798 -0.383099 -0.159694 -0.407692 -0.752743 -0.51688 0.0778077 0.535362 -0.841031 -0.0132422 -0.221177 -3.5391  
SINGLE   ASP   OD1   CG   OD2   LG1   CH1   CH1   OH ### REMARK 2AE7_UDH.pdb_ASP248_UDH_Packing_score:-2.204548_Hbond_score:0.000000
RT 0.55036 -0.6552 -0.51751 0.707588 0.0370035 0.705655 -0.443196 -0.754548 0.483977 0.156583 -1.04458 4.07588  
SINGLE   ARG   NH1   CZ   NH2   LG1   CH2   CH2   NH2O ### REMARK 2AE7_UDH.pdb_ARG345_UDH_Packing_score:-3.779655_Hbond_score:0.000000
RT 0.422034 0.891604 0.164104 0.900297 -0.43346 0.0397255 0.106552 0.130977 -0.985643 -4.05129 -2.98688 1.20418  
SINGLE   ASN   OD1   CG   ND2   LG1   CH2   CH2   NH2O ### REMARK 2AE7_UDH.pdb_ASN349_UDH_Packing_score:-1.421242_Hbond_score:0.000000
RT -0.751106 -0.658414 0.0482863 0.384558 -0.495801 -0.778651 0.536615 -0.56628 0.625597 -3.01731 0.896411 5.37939  
SINGLE   PRO   CG   CD   NV   LG1   CH2   CH2   NH2O ### REMARK 2AE7_UDH.pdb_PRO351_UDH_Packing_score:-1.295130_Hbond_score:0.000000
RT 0.596195 -0.746706 -0.294926 -0.79367 -0.492814 -0.356683 0.120993 0.446726 -0.886451 1.11234 -0.831916 3.29737  
SINGLE   ARG   NH1   CZ   NH2   LG1   CH2   CH2   NH2O ### REMARK 2AE7_UDH.pdb_ARG345_UDH_Packing_score:-3.765343_Hbond_score:0.000000
RT 0.0474828 0.998733 0.016668 -0.837343 0.0307007 0.545815 0.544611 -0.0398737 0.83774 1.67923 1.20272 3.07703  
SINGLE   ASP   OD1   CG   OD2   LG1   OH   Bsp2   OH ### REMARK 2AEB_ABH.pdb_ASP128_ABH_Packing_score:-1.590664_Hbond_score:-1.349686
RT -0.0876115 0.400477 -0.912109 -0.225891 0.88379 0.409741 0.970205 0.241935 0.0130341 1.12467 3.37698 -1.50165  
SINGLE   ASN   OD1   CG   ND2   LG1   CH2   OH   CH2 ### REMARK 2AEC_DIO.pdb_ASN306_DIO_Packing_score:-1.677825_Hbond_score:0.000000
RT 0.142187 0.623205 0.769024 -0.526703 -0.610163 0.591849 0.838073 -0.4892 0.241487 -4.5027 -0.783409 -0.920732  
SINGLE   TRP   CG   CD2   CE2   LG1   CH2   CH2   OH ### REMARK 2AEC_DIO.pdb_TRP308_DIO_Packing_score:-1.550655_Hbond_score:0.000000
RT 0.183736 0.790462 -0.584304 0.828588 0.19526 0.524705 0.52885 -0.580555 -0.619091 0.608288 5.16623 -1.23075  
SINGLE   ARG   NH1   CZ   NH2   LG1   CH2   CH2   OH ### REMARK 2AEC_DIO.pdb_ARG358_DIO_Packing_score:-1.050080_Hbond_score:0.000000
RT 0.956718 0.280686 0.076847 -0.12622 0.638156 -0.75949 -0.262219 0.716918 0.645964 -1.06355 3.82188 2.28073  
SINGLE   TRP   CG   CD2   CE2   LG1   OH   CH2   CH1 ### REMARK 2AEC_GOL.pdb_TRP310_GOL_Packing_score:-2.377279_Hbond_score:0.000000
RT 0.849566 0.279033 -0.447636 -0.373031 0.917819 -0.135854 0.372941 0.282399 0.883836 0.683648 1.85564 3.20041  
SINGLE   GLU   OE1   CD   OE2   LG1   CH1   CH2   OH ### REMARK 2AEC_GOL.pdb_GLU313_GOL_Packing_score:-1.546988_Hbond_score:0.000000
RT 0.0247497 0.270509 -0.962399 0.801033 -0.581338 -0.142801 -0.598108 -0.76738 -0.231074 2.64438 2.71103 1.45367  
SINGLE   ASP   OD1   CG   OD2   LG1   OH   CH1   CH2 ### REMARK 2AEC_GOL.pdb_ASP314_GOL_Packing_score:-1.320093_Hbond_score:0.000000
RT -0.339804 -0.641781 0.687496 -0.147643 -0.685529 -0.712918 0.928835 -0.343756 0.138191 1.16141 1.89607 4.217  
SINGLE   THR   OG1   CB   CG2   LG1   CH1   CH2   OH ### REMARK 2AEC_GOL.pdb_THR220_GOL_Packing_score:-1.583102_Hbond_score:0.000000
RT -0.33349 -0.867615 -0.368821 0.922603 -0.380803 0.0615789 -0.193875 -0.31974 0.927458 5.05889 1.35255 -0.0330489  
SINGLE   ASP   OD1   CG   OD2   LG1   OH   CH1   CH2 ### REMARK 2AEC_GOL.pdb_ASP393_GOL_Packing_score:-1.055832_Hbond_score:0.000000
RT 0.207781 -0.960339 -0.185945 0.681583 0.00579056 0.731718 -0.701621 -0.278774 0.655754 0.354088 2.89578 2.64594  
SINGLE   ASP   OD1   CG   OD2   LG1   CH1   CH2   OH ### REMARK 2AEC_GOL.pdb_ASP314_GOL_Packing_score:-1.019841_Hbond_score:0.000000
RT 0.472945 0.179025 -0.862713 0.880891 -0.116998 0.458632 -0.0188296 -0.976863 -0.213035 0.115432 0.534558 4.36771  
SINGLE   ASN   OD1   CG   ND2   LG1   OH   CH2   CH1 ### REMARK 2AEC_GOL.pdb_ASN186_GOL_Packing_score:-1.720085_Hbond_score:-0.587588
RT -0.205926 -0.972987 -0.104355 -0.144625 -0.0752082 0.986624 -0.967821 0.218264 -0.125231 -0.22525 3.68962 2.01314  
SINGLE   ASN   OD1   CG   ND2   LG1   CH1   CH2   OH ### REMARK 2AEC_GOL.pdb_ASN215_GOL_Packing_score:-1.534943_Hbond_score:-0.953480
RT -0.486463 0.0177342 0.873521 0.729698 -0.541616 0.417364 0.480515 0.840439 0.250535 2.77762 2.80402 -1.6795  
SINGLE   ASN   OD1   CG   ND2   LG1   OH   CH1   CH2 ### REMARK 2AEC_GOL.pdb_ASN306_GOL_Packing_score:-1.167868_Hbond_score:0.000000
RT -0.0237775 -0.483985 -0.874753 -0.417403 0.79989 -0.431219 0.90841 0.354871 -0.221036 -4.13533 -2.50517 -0.536285  
SINGLE   TRP   CG   CD2   CE2   LG1   OH   CH1   CH2 ### REMARK 2AEC_GOL.pdb_TRP308_GOL_Packing_score:-1.333515_Hbond_score:-0.746895
RT -0.978269 -0.127986 -0.163122 -0.125035 0.991749 -0.0282741 0.165395 -0.00726364 -0.986201 1.8137 5.45212 -0.764469  
SINGLE   TRP   CG   CD2   CE2   LG1   OH   CH1   CH2 ### REMARK 2AEC_GOL.pdb_TRP310_GOL_Packing_score:-2.621670_Hbond_score:0.000000
RT 0.638266 0.605555 0.475311 0.226208 0.442644 -0.867696 -0.735831 0.66134 0.145543 0.890777 3.52103 3.182  
SINGLE   TYR   CE1   CZ   CE2   LG1   CH1   CH1   OH ### REMARK 2AEC_MAN.pdb_TYR282_MAN_Packing_score:-1.923055_Hbond_score:0.000000
RT -0.493049 -0.790084 0.364239 0.663334 -0.612289 -0.430222 0.562931 0.0294913 0.825978 -2.51266 0.913318 3.16532  
SINGLE   LYS   NZ   CE   CD   LG1   Ntrp   CH2   CH2 ### REMARK 2AEC_MES.pdb_LYS237_MES_Packing_score:-1.105450_Hbond_score:0.000000
RT 0.96304 0.253621 0.0907228 -0.151833 0.789334 -0.594894 -0.222488 0.559132 0.798668 4.24707 -2.01523 0.273819  
SINGLE   TYR   CE1   CZ   CE2   LG1   OOC   S   OOC ### REMARK 2AEC_MES.pdb_TYR376_MES_Packing_score:-3.153310_Hbond_score:0.000000
RT -0.401475 0.607428 0.685456 0.276618 0.793889 -0.541501 -0.873098 -0.0277896 -0.486752 -0.381997 2.29017 -4.87028  
SINGLE   GLN   OE1   CD   NE2   LG1   CH2   CH2   Ntrp ### REMARK 2AEC_MES.pdb_GLN377_MES_Packing_score:-1.837024_Hbond_score:0.000000
RT -0.492341 0.865188 0.0951359 0.697061 0.457385 -0.552181 -0.521254 -0.205546 -0.828278 0.60341 2.18745 3.04072  
SINGLE   VAL   CG1   CB   CG2   LG1   CH2   Ntrp   CH2 ### REMARK 2AEC_MES.pdb_VAL378_MES_Packing_score:-1.205952_Hbond_score:0.000000
RT 0.831372 -0.478351 0.282843 -0.136456 0.317665 0.938333 -0.538702 -0.8187 0.198824 -5.2324 0.275493 2.29523  
SINGLE   ASP   OD1   CG   OD2   LG1   Ntrp   COO   ONH2 ### REMARK 2AEC_NAG.pdb_ASP315_NAG_Packing_score:-1.596710_Hbond_score:-0.597653
RT 0.952595 0.0650239 0.297212 -0.223733 0.811715 0.539501 -0.206171 -0.580422 0.787784 -3.05572 3.67227 -0.843107  
SINGLE   ASN   OD1   CG   ND2   LG1   OOC   S   OOC ### REMARK 2AEC_SO4.pdb_ASN160_SO4_Packing_score:-1.320131_Hbond_score:0.000000
RT -0.842044 -0.537487 0.0454892 0.103215 -0.243324 -0.964438 0.529442 -0.807404 0.260366 0.661612 0.299523 -4.20845  
SINGLE   ARG   NH1   CZ   NH2   LG1   OOC   S   OOC ### REMARK 2AEC_SO4.pdb_ARG170_SO4_Packing_score:-2.212497_Hbond_score:-0.450626
RT 0.38099 0.0454416 0.923462 -0.0350348 -0.997365 0.0635324 0.923915 -0.0565585 -0.378394 -4.53548 -1.759 0.53438  
SINGLE   ARG   NH1   CZ   NH2   LG1   OOC   S   OOC ### REMARK 2AEC_SO4.pdb_ARG267_SO4_Packing_score:-1.577093_Hbond_score:-0.478934
RT 0.199534 0.430476 0.880271 -0.621313 0.750246 -0.226056 -0.757731 -0.501818 0.41716 1.89604 3.62502 0.860158  
SINGLE   ARG   NH1   CZ   NH2   LG1   OOC   S   OOC ### REMARK 2AEC_SO4.pdb_ARG345_SO4_Packing_score:-2.193533_Hbond_score:0.000000
RT 0.718524 -0.695149 -0.0221612 -0.688499 -0.706416 -0.164152 0.0984552 0.133205 -0.986186 -3.12227 -4.30911 -1.65084  
SINGLE   ARG   NH1   CZ   NH2   LG1   OOC   S   OOC ### REMARK 2AEC_SO4.pdb_ARG170_SO4_Packing_score:-2.001713_Hbond_score:0.000000
RT -0.185492 0.962659 0.197182 -0.893269 -0.0815744 -0.442059 -0.409467 -0.258135 0.875045 -3.0675 0.236535 -3.29349  
SINGLE   ARG   NH1   CZ   NH2   LG1   OOC   S   OOC ### REMARK 2AEC_SO4.pdb_ARG170_SO4_Packing_score:-2.287524_Hbond_score:0.000000
RT 0.685765 -0.71127 -0.154344 -0.569827 -0.656617 0.494117 -0.452795 -0.250899 -0.855585 -2.71424 -4.7343 -0.976576  
SINGLE   ASN   OD1   CG   ND2   LG1   OOC   S   OOC ### REMARK 2AEC_SO4.pdb_ASN146_SO4_Packing_score:-1.287933_Hbond_score:-0.260506
RT 0.538426 0.658525 0.525778 0.136624 0.547467 -0.825599 -0.831523 0.516358 0.2048 -4.18366 1.4636 1.49084  
SINGLE   ARG   NH1   CZ   NH2   LG1   OOC   S   OOC ### REMARK 2AEC_SO4.pdb_ARG345_SO4_Packing_score:-2.124202_Hbond_score:0.000000
RT 0.915686 0.0886396 -0.391998 -0.386604 0.460761 -0.798897 0.109803 0.883087 0.45618 -2.89495 -3.67057 -2.47845  
SINGLE   ARG   NH1   CZ   NH2   LG1   CH2   CH2   CH2 ### REMARK 2AEC_UDH.pdb_ARG345_UDH_Packing_score:-3.086872_Hbond_score:0.000000
RT 0.612886 -0.783329 -0.103762 0.502848 0.487944 -0.71348 0.60952 0.385105 0.69295 1.50538 -0.84953 -4.49562  
SINGLE   ARG   NH1   CZ   NH2   LG1   CH2   CH2   NH2O ### REMARK 2AEC_UDH.pdb_ARG345_UDH_Packing_score:-3.346611_Hbond_score:0.000000
RT 0.485424 -0.354964 -0.798977 -0.439468 0.690956 -0.573975 0.755799 0.629746 0.179412 -1.39814 0.180688 -5.14115  
SINGLE   ASP   OD1   CG   OD2   LG1   OOC   Phos   OH ### REMARK 2AEC_UDH.pdb_ASP250_UDH_Packing_score:-1.021623_Hbond_score:0.000000
RT -0.0931479 0.588755 0.802927 -0.957786 0.1673 -0.233788 -0.271974 -0.790809 0.548317 -0.474208 5.31973 1.55393  
SINGLE   ARG   NH1   CZ   NH2   LG1   CH2   CH2   CH2 ### REMARK 2AEC_UDH.pdb_ARG345_UDH_Packing_score:-3.277012_Hbond_score:0.000000
RT 0.764743 -0.524017 -0.374934 0.276523 0.792493 -0.54359 0.581982 0.312028 0.750956 0.31194 -0.492279 -4.58808  
SINGLE   ARG   NH1   CZ   NH2   LG1   OH   CH1   CH2 ### REMARK 2AEE_GOL.pdb_ARG40_GOL_Packing_score:-2.002032_Hbond_score:0.000000
RT -0.376136 0.765215 -0.522463 0.271096 -0.44831 -0.851778 -0.886019 -0.462022 -0.0388205 -4.4435 1.16317 -0.7238  
SINGLE   THR   OG1   CB   CG2   LG1   OH   CH2   CH1 ### REMARK 2AEE_GOL.pdb_THR75_GOL_Packing_score:-1.319042_Hbond_score:0.000000
RT -0.0907898 0.206974 0.974125 -0.966077 -0.255774 -0.035695 0.241768 -0.944321 0.223175 -1.02283 -3.07408 -1.52946  
SINGLE   ARG   NH1   CZ   NH2   LG1   CH1   CH2   OH ### REMARK 2AEE_GOL.pdb_ARG96_GOL_Packing_score:-0.930172_Hbond_score:-0.511924
RT -0.412218 0.0657418 0.90871 0.899582 -0.128623 0.417382 0.144321 0.989512 -0.00611938 3.48619 2.67592 -1.51633  
SINGLE   ARG   NH1   CZ   NH2   LG1   OH   CH1   CH2 ### REMARK 2AEE_GOL.pdb_ARG40_GOL_Packing_score:-2.048553_Hbond_score:0.000000
RT 0.149271 0.761216 -0.631085 0.883661 -0.389084 -0.2603 -0.44369 -0.51881 -0.730736 0.721875 1.74916 4.10758  
SINGLE   ASP   OD1   CG   OD2   LG1   OH   CH2   CH1 ### REMARK 2AEE_GOL.pdb_ASP123_GOL_Packing_score:-1.738727_Hbond_score:0.000000
RT 0.526121 0.0802115 0.846618 -0.848914 0.108561 0.517262 -0.0504196 -0.990848 0.125209 2.30133 2.92148 0.383386  
SINGLE   ARG   NH1   CZ   NH2   LG1   OOC   S   OOC ### REMARK 2AEE_SO4.pdb_ARG40_SO4_Packing_score:-1.583136_Hbond_score:-0.599827
RT 0.746559 -0.277206 0.60482 0.645696 0.0827234 -0.7591 0.160394 0.957243 0.240749 -4.02846 1.34727 0.261944  
SINGLE   TRP   CG   CD2   CE2   LG1   OH   CH2   CH2 ### REMARK 2AEK_EDO.pdb_TRP128_EDO_Packing_score:-1.509056_Hbond_score:0.000000
RT 0.596838 -0.37358 0.710087 0.294155 -0.7215 -0.626826 0.746497 0.582989 -0.320728 -3.08762 -0.913264 -4.1593  
SINGLE   MET   CG   SD   CE   LG1   OH   CH2   CH2 ### REMARK 2AEK_EDO.pdb_MET73_EDO_Packing_score:-1.740521_Hbond_score:0.000000
RT 0.315251 0.27006 0.909772 -0.745718 -0.522433 0.413484 0.58696 -0.808784 0.0366907 -3.52957 0.102241 -0.430617  
SINGLE   TYR   CE1   CZ   CE2   LG1   OH   CH2   CH2 ### REMARK 2AEK_EDO.pdb_TYR113_EDO_Packing_score:-0.975321_Hbond_score:-0.044035
RT 0.576099 -0.277587 0.768801 0.201695 -0.863205 -0.462813 0.792104 0.42169 -0.441303 -0.616066 -4.02603 -1.24497  
SINGLE   TRP   CG   CD2   CE2   LG1   OH   CH2   CH2 ### REMARK 2AEK_EDO.pdb_TRP128_EDO_Packing_score:-1.514484_Hbond_score:0.000000
RT 0.425972 -0.772553 0.47086 0.468888 -0.256581 -0.845169 0.773752 0.580799 0.252944 -2.80534 -1.2451 -4.15472  
SINGLE   ASN   OD1   CG   ND2   LG1   CH2   CH2   OH ### REMARK 2AEK_EDO.pdb_ASN132_EDO_Packing_score:-1.460383_Hbond_score:-0.254126
RT -0.801636 0.0856697 -0.591642 0.532849 -0.346278 -0.772116 -0.27102 -0.934212 0.23194 2.75 2.58037 1.76124  
SINGLE   MET   CG   SD   CE   LG1   OH   CH2   CH2 ### REMARK 2AEK_EDO.pdb_MET73_EDO_Packing_score:-1.652012_Hbond_score:0.000000
RT -0.305069 -0.301828 0.903235 0.118655 -0.953103 -0.278416 0.944909 0.0222377 0.326576 -3.4118 0.526622 -1.41919  
